0.00074359	0.55	0.005341577	0.000270598	
0.000935897	0.075	0.006271217	0.000313058	
0.000974359	0.55	0.006997605	0.000357934	
0.000961538	0.4	0.006770317	0.000344629	
0.000679487	0.4	0.004785549	0.000241178	
0.000833333	0.55	0.005985731	0.000304269	
0.000628205	0.55	0.004513121	0.000227716	
0.000576923	0.55	0.004145028	0.000208552	
0.000589744	0.55	0.004237051	0.000213343	
0.000987179	0.55	0.007089571	0.000362869	
0.000884615	0.55	0.006353742	0.000323672	
0.000717949	0.55	0.005157501	0.000261035	
0.000692308	0.4	0.004875791	0.000245826	
0.000769231	0.55	0.005525634	0.000280176	
0.000705128	0.2	0.004821971	0.000241557	
0.000730769	0.525	0.005232847	0.000264841	
0.000589744	0.55	0.004237051	0.000213343	
0.000602564	0.55	0.004329039	0.000218085	
0.000538462	0.55	0.003868903	0.000194201	
0.000935897	0.4	0.006589866	0.000335238	
0.000551282	0.55	0.00396095	0.000198975	
0.000807692	0.55	0.005801705	0.000294615	
0.000961538	0.55	0.006905638	0.000353017	
0.000807692	0.2	0.00552332	0.000277599	
0.000794872	0.55	0.005709574	0.000289574	
0.000974359	0.55	0.006997513	0.00035775	
0.000653846	0.55	0.004697258	0.000237235	
0.000653846	0.55	0.004697256	0.000237231	
0.000769231	0.3	0.005340599	0.000269322	
0.000692308	0.55	0.004973415	0.000251503	
0.000512821	0.55	0.003684806	0.000184708	
0.0005	0.3	0.003472065	0.000173726	
0.00075641	0.55	0.005433604	0.000275378	
0.000628205	0.375	0.004409175	0.000221729	
0.000820513	0.55	0.005893705	0.000299409	
0.000602564	0.3	0.004184014	0.000209888	
0.000525641	0.55	0.003776861	0.000189458	
0.000653846	0.2	0.004471612	0.000224011	
0.000525641	0.55	0.003776861	0.000189458	
0.000641026	0.55	0.004605186	0.000232463	
0.000666667	0.55	0.004789307	0.000241972	
0.000974359	0.375	0.00683677	0.000347684	
0.00074359	0.55	0.005341577	0.000270598	
0.000884615	0.55	0.006353742	0.000323672	
0.000948718	0.3	0.006585982	0.000333643	
0.0005	0.4	0.003522013	0.000176338	
0.000512821	0.55	0.003684806	0.000184708	
0.000858974	0.55	0.006169584	0.000313634	
0.000910256	0.075	0.006099433	0.000304369	
0.000705128	0.25	0.004859422	0.00024418	
0.000846154	0.525	0.006058426	0.000307991	
0.000589744	0.4	0.004153763	0.000208766	
0.000692308	0.375	0.004858848	0.000244816	
0.00074359	0.55	0.005341577	0.000270598	
0.000692308	0.425	0.004892531	0.000246808	
0.000987179	0.55	0.007089571	0.000362869	
0.000769231	0.55	0.005525641	0.000280191	
0.000512821	0.55	0.003684806	0.000184708	
0.000782051	0.55	0.005617662	0.000284984	
0.000782051	0.55	0.005617662	0.000284984	
0.000858974	0.55	0.006169745	0.000313956	
0.000987179	0.2	0.006750104	0.00034051	
0.000679487	0.55	0.004881362	0.000246733	
0.000846154	0.55	0.00607774	0.000309109	
0.0005	0.55	0.00359277	0.000180017	
0.000935897	0.25	0.006448918	0.000325798	
0.000641026	0.3	0.004450955	0.000223518	
0.000794872	0.55	0.005709574	0.000289574	
0.000948718	0.55	0.005992058	0.000348105	
0.000653846	0.375	0.004589057	0.000230956	
0.000666667	0.375	0.004678995	0.000235581	
0.000974359	0.55	0.006997513	0.00035775	
0.0005	0.55	0.003591768	0.000178013	
0.000576923	0.55	0.00414503	0.000208557	
0.000897436	0.55	0.006445639	0.000328351	
0.000923077	0.375	0.006477151	0.000329062	
0.000858974	0.55	0.006169584	0.000313634	
0.000628205	0.55	0.004513211	0.000227897	
0.000730769	0.55	0.005249537	0.000265807	
0.000705128	0.075	0.004725156	0.000235335	
0.000730769	0.4	0.005146507	0.000259816	
0.000820513	0.375	0.005756977	0.000289431	
0.000564103	0.3	0.003916982	0.000196159	
0.000615385	0.4	0.004334262	0.000217954	
0.000910256	0.2	0.006224381	0.000313463	
0.000897436	0.375	0.006297299	0.000319712	
0.000576923	0.075	0.003866192	0.0001922	
0.000717949	0.3	0.004984772	0.000250927	
0.000948718	0.25	0.006537214	0.000330352	
0.000858974	0.075	0.005755874	0.000287053	
0.000615385	0.55	0.004382284	0.000145364	
0.000641026	0.55	0.004605186	0.000232463	
0.000602564	0.55	0.004329039	0.000218085	
0.000679487	0.55	0.004881362	0.000246733	
0.000512821	0.55	0.003684806	0.000184708	
0.000782051	0.375	0.005488287	0.000277411	
0.000551282	0.55	0.003960817	0.000198709	
0.000846154	0.25	0.005830807	0.000294045	
0.000948718	0.55	0.005992058	0.000348105	
0.000602564	0.55	0.004329082	0.00021817	
0.000641026	0.425	0.004530297	0.000228154	
0.000512821	0.55	0.003684805	0.000184707	
0.001	0.375	0.007016555	0.000356994	
0.00074359	0.55	0.005341577	0.000270598	
0.000705128	0.55	0.005065465	0.000256276	
0.000589744	0.55	0.004237051	0.000213343	
0.000923077	0.55	0.006629707	0.000338304	
0.000589744	0.425	0.004168053	0.00020965	
0.000948718	0.55	0.005992058	0.000348105	
0.000987179	0.55	0.007089571	0.000362869	
0.000628205	0.525	0.004498806	0.000226963	
0.000679487	0.55	0.004881362	0.000246733	
0.000884615	0.55	0.006353742	0.000323672	
0.000833333	0.3	0.005785331	0.000292381	
0.000807692	0.55	0.005801705	0.000294615	
0.000589744	0.4	0.004153763	0.000208766	
0.000525641	0.55	0.003776861	0.000189458	
0.000923077	0.55	0.006629707	0.000338304	
0.000692308	0.55	0.004973415	0.000251503	
0.0005	0.55	0.003591768	0.000178013	
0.000935897	0.55	0.006721682	0.000343187	
0.000794872	0.2	0.00543568	0.00027313	
0.000833333	0.55	0.005985731	0.000304269	
0.0005	0.2	0.0034198	0.000170633	
0.000833333	0.375	0.005847893	0.000296168	
0.000987179	0.25	0.006802094	0.000344042	
0.000987179	0.55	0.007089571	0.000362869	
0.000576923	0.55	0.004145028	0.000208552	
0.000653846	0.375	0.004589057	0.000230956	
0.000794872	0.55	0.005709574	0.000289574	
0.000730769	0.3	0.005073738	0.000255526	
0.000923077	0.3	0.006408071	0.000324446	
0.000782051	0.375	0.005488287	0.000277411	
0.000653846	0.55	0.004697258	0.000237235	
0.000705128	0.55	0.005065465	0.000256276	
0.000576923	0.55	0.004145028	0.000208552	
0.000974359	0.55	0.006997513	0.00035775	
0.000717949	0.425	0.005073625	0.000256155	
0.000897436	0.525	0.006425242	0.000327328	
0.000615385	0.55	0.004421096	0.000222987	
0.000961538	0.55	0.006905638	0.000353017	
0.000538462	0.55	0.003868916	0.000194228	
0.000948718	0.075	0.006357096	0.000317382	
0.000948718	0.4	0.006680096	0.000339937	
0.000846154	0.375	0.005930072	0.000285447	
0.000525641	0.075	0.003522596	0.000175031	
0.000717949	0.55	0.005157501	0.000261035	
0.000641026	0.075	0.00429569	0.000213762	
0.000512821	0.3	0.003561058	0.000178216	
0.000538462	0.2	0.00368277	0.000183897	
0.000923077	0.55	0.006629707	0.000338304	
0.000871795	0.55	0.006261745	0.000318808	
0.000679487	0.3	0.004717845	0.000237137	
0.000512821	0.55	0.003684806	0.000184708	
0.000538462	0.55	0.003868916	0.000194228	
0.000615385	0.55	0.004382284	0.000145364	
0.000564103	0.55	0.004052991	0.000203758	
0.000987179	0.55	0.007089571	0.000362869	
0.000794872	0.4	0.005597587	0.00028315	
0.000769231	0.425	0.005435776	0.000274922	
0.000935897	0.55	0.006721682	0.000343187	
0.000794872	0.55	0.005709691	0.000289807	
0.000782051	0.2	0.005348226	0.000269039	
0.000538462	0.3	0.003739061	0.000185846	
0.000628205	0.55	0.004513121	0.000227716	
0.001	0.55	0.007181526	0.000367799	
0.0005	0.55	0.003591768	0.000178013	
0.000884615	0.375	0.006207441	0.000315032	
0.000730769	0.55	0.005249537	0.000265807	
0.000589744	0.075	0.003951979	0.00019628	
0.000820513	0.55	0.005893705	0.000299409	
0.000807692	0.4	0.005687848	0.000287944	
0.000833333	0.2	0.005698596	0.000286548	
0.000564103	0.525	0.004040043	0.000203044	
0.000846154	0.55	0.006077738	0.000309104	
0.000589744	0.25	0.004064585	0.000203548	
0.000948718	0.375	0.006656976	0.000338388	
0.000794872	0.525	0.005691518	0.000288707	
0.000858974	0.425	0.006069433	0.000308058	
0.0005	0.55	0.003591768	0.000178013	
0.000987179	0.55	0.007090141	0.00036401	
0.000846154	0.4	0.005958481	0.000302113	
0.000794872	0.55	0.005709574	0.000289574	
0.000987179	0.4	0.006950749	0.000354013	
0.000923077	0.075	0.006185331	0.000308725	
0.000846154	0.375	0.005930072	0.000285447	
0.000910256	0.55	0.006535559	0.00032909	
0.00075641	0.55	0.005433608	0.000275385	
0.000948718	0.55	0.005991864	0.000348105	
0.000653846	0.55	0.004697258	0.000237235	
0.000871795	0.55	0.006261682	0.000318684	
0.00075641	0.55	0.005433604	0.000275378	
0.000820513	0.525	0.005874986	0.000298348	
0.000923077	0.25	0.006360623	0.000321253	
0.000910256	0.55	0.006537724	0.00033342	
0.000807692	0.3	0.005607431	0.000283169	
0.000589744	0.55	0.004237051	0.000213343	
0.000807692	0.075	0.005412328	0.000269818	
0.000974359	0.55	0.006997513	0.00035775	
0.000717949	0.55	0.005157501	0.000261035	
0.000871795	0.525	0.006241802	0.000317565	
0.0005	0.55	0.003591768	0.000178013	
0.000615385	0.3	0.004272996	0.000214425	
0.000948718	0.55	0.005992058	0.000348105	
0.000923077	0.375	0.006477151	0.000329062	
0.000589744	0.2	0.004033401	0.000201705	
0.000692308	0.55	0.004973415	0.000251503	
0.000666667	0.3	0.004628865	0.000232554	
0.000833333	0.4	0.005868262	0.000297361	
0.000551282	0.55	0.003960817	0.000198709	
0.000717949	0.4	0.005056267	0.000255138	
0.00074359	0.55	0.005341577	0.000270598	
0.000641026	0.55	0.004605186	0.000232463	
0.000769231	0.55	0.005525641	0.000280191	
0.000769231	0.55	0.005525641	0.000280191	
0.000641026	0.55	0.004605186	0.000232463	
0.000794872	0.075	0.005326432	0.000265498	
0.000846154	0.55	0.00607774	0.000309109	
0.000897436	0.425	0.006340944	0.000322358	
0.000717949	0.55	0.005157501	0.000261035	
0.000948718	0.525	0.006792015	0.000346834	
0.000794872	0.375	0.005578177	0.000282058	
0.000846154	0.3	0.005874301	0.000296955	
0.000512821	0.375	0.003599444	0.000179856	
0.000820513	0.55	0.00589372	0.000299438	
0.000525641	0.3	0.003650062	0.000182735	
0.000564103	0.55	0.004052991	0.000203758	
0.000666667	0.55	0.004789307	0.000241972	
0.000961538	0.4	0.006770317	0.000344629	
0.000705128	0.55	0.005065465	0.000256276	
0.000730769	0.55	0.005249537	0.000265807	
0.000653846	0.55	0.004697258	0.000237235	
0.000551282	0.55	0.003960817	0.000198709	
0.000602564	0.55	0.004329039	0.000218085	
0.000730769	0.2	0.004997456	0.000250829	
0.000705128	0.3	0.004895818	0.000246362	
0.000653846	0.3	0.004539934	0.000228078	
0.000987179	0.55	0.007089571	0.000362869	
0.000666667	0.55	0.004789313	0.000241984	
0.000846154	0.55	0.00607774	0.000309109	
0.000948718	0.55	0.005992058	0.000348105	
0.000923077	0.4	0.006499647	0.000330567	
0.000897436	0.55	0.006445732	0.000328536	
0.000910256	0.55	0.006531681	0.000321335	
0.000538462	0.55	0.003868916	0.000194228	
0.000641026	0.4	0.004514807	0.000227272	
0.000769231	0.4	0.005417191	0.00027385	
0.000858974	0.55	0.006169584	0.000313634	
0.000871795	0.075	0.005841779	0.000291408	
0.0005	0.55	0.003591768	0.000178013	
0.000641026	0.2	0.004383972	0.000219536	
0.000525641	0.55	0.003776861	0.000189458	
0.000705128	0.4	0.004965878	0.000250173	
0.000961538	0.55	0.006905638	0.000353017	
0.000974359	0.25	0.006713801	0.000339471	
0.000525641	0.25	0.003622493	0.00018027	
0.000923077	0.55	0.006629707	0.000338304	
0.000692308	0.25	0.00477113	0.000239671	
0.000551282	0.525	0.003948326	0.000198338	
0.000653846	0.4	0.004605034	0.000231856	
0.000807692	0.525	0.005783244	0.000293506	
0.000576923	0.2	0.003945751	0.000197257	
0.000910256	0.3	0.006319114	0.000319855	
0.000846154	0.075	0.005669986	0.000282737	
0.000769231	0.375	0.005398379	0.000272741	
0.000923077	0.525	0.006608636	0.000337064	
0.000923077	0.55	0.006629707	0.000338304	
0.000705128	0.55	0.005065465	0.000256276	
0.001	0.55	0.007181526	0.000367799	
0.000910256	0.425	0.006431438	0.000327137	
0.00074359	0.425	0.005254709	0.000265532	
0.000807692	0.55	0.005801705	0.000294615	
0.000871795	0.375	0.006117561	0.000310307	
0.00074359	0.55	0.005341577	0.000270598	
0.000551282	0.55	0.003960955	0.000198984	
0.000820513	0.55	0.005893705	0.000299409	
0.000987179	0.3	0.006852827	0.000347456	
0.000551282	0.55	0.003960817	0.000198709	
0.000961538	0.375	0.00674689	0.000343067	
0.000884615	0.55	0.006353723	0.000323635	
0.000987179	0.55	0.007089571	0.000362869	
0.000987179	0.55	0.007089603	0.000362932	
0.000564103	0.25	0.003887917	0.000194549	
0.000794872	0.55	0.005709574	0.000289574	
0.000871795	0.55	0.006261709	0.000318737	
0.000897436	0.55	0.006445639	0.000328351	
0.000538462	0.375	0.003779532	0.00018959	
0.000782051	0.55	0.005617668	0.000284995	
0.000628205	0.55	0.004513121	0.000227716	
0.000576923	0.3	0.004006038	0.000200816	
0.000628205	0.425	0.004439738	0.000223518	
0.000897436	0.55	0.006445735	0.000328542	
0.00075641	0.3	0.005251645	0.000264711	
0.000858974	0.25	0.005909243	0.00018213	
0.000679487	0.075	0.004553368	0.000226711	
0.00074359	0.075	0.004982849	0.000248251	
0.000512821	0.4	0.003612256	0.000180966	
0.000807692	0.55	0.005801705	0.000294615	
0.000935897	0.55	0.006721139	0.0003421	
0.000666667	0.4	0.004695295	0.000236519	
0.000910256	0.55	0.006531681	0.000321335	
0.000846154	0.55	0.006077736	0.000309101	
0.000782051	0.525	0.005599798	0.000283936	
0.000935897	0.4	0.006589866	0.000335238	
0.000974359	0.525	0.006975367	0.00035662	
0.000935897	0.3	0.006497024	0.000329037	
0.000717949	0.2	0.004909811	0.000246384	
0.000884615	0.25	0.006095711	0.000307611	
0.000525641	0.55	0.003776861	0.000189458	
0.000589744	0.525	0.00422322	0.000212001	
0.000846154	0.425	0.005978856	0.000303172	
0.000717949	0.525	0.005141099	0.00026008	
0.0005	0.525	0.00358129	0.000179389	
0.000961538	0.2	0.006574871	0.000331481	
0.000884615	0.4	0.006229061	0.000316303	
0.000807692	0.425	0.005707367	0.000289089	
0.000717949	0.25	0.004947743	0.000248758	
0.000782051	0.075	0.005240539	0.000261186	
0.000641026	0.375	0.00449912	0.000226344	
0.000858974	0.55	0.006169584	0.000313634	
0.00075641	0.55	0.005433604	0.000275378	
0.000666667	0.25	0.004594502	0.000230596	
0.000948718	0.375	0.006656976	0.000338388	
0.000948718	0.55	0.005992058	0.000348105	
0.00074359	0.55	0.005341577	0.000270598	
0.000692308	0.55	0.00497334	0.000251351	
0.00074359	0.55	0.005341572	0.000270589	
0.000974359	0.55	0.006997513	0.00035775	
0.000782051	0.55	0.005617662	0.000284984	
0.000935897	0.55	0.006721682	0.000343187	
0.000576923	0.55	0.004145028	0.000208552	
0.00075641	0.55	0.005433604	0.000275378	
0.000846154	0.2	0.005786233	0.000291029	
0.00074359	0.55	0.005341577	0.000270598	
0.000974359	0.55	0.006997513	0.00035775	
0.000871795	0.55	0.006261745	0.000318808	
0.00074359	0.525	0.00531644	0.000253306	
0.000551282	0.55	0.003960817	0.000198709	
0.000858974	0.55	0.006169584	0.000313634	
0.000666667	0.525	0.004774072	0.000241083	
0.000576923	0.375	0.004049391	0.00020335	
0.000769231	0.55	0.005525641	0.000280191	
0.000807692	0.55	0.005801705	0.000294615	
0.000820513	0.55	0.005893705	0.000299409	
0.000948718	0.425	0.006702925	0.000341419	
0.000525641	0.55	0.003776861	0.000189458	
0.000974359	0.55	0.006997513	0.00035775	
0.000512821	0.55	0.003684808	0.000184713	
0.000935897	0.375	0.006567095	0.000333783	
0.000692308	0.55	0.004973415	0.000251503	
0.000628205	0.075	0.004209794	0.000209449	
0.000961538	0.425	0.006793471	0.000346162	
0.000961538	0.525	0.006883691	0.000351718	
0.000512821	0.55	0.003684806	0.000184708	
0.00074359	0.3	0.005162667	0.000260064	
0.000858974	0.55	0.006169584	0.000313634	
0.000884615	0.55	0.006353742	0.000323672	
0.000782051	0.4	0.005507399	0.000278514	
0.000935897	0.55	0.006721682	0.000343187	
0.000833333	0.55	0.005985731	0.000304269	
0.000782051	0.55	0.005617662	0.000284984	
0.000730769	0.55	0.005249537	0.000265807	
0.000897436	0.55	0.006445639	0.000328351	
0.000525641	0.55	0.003776859	0.000189454	
0.000846154	0.55	0.00607774	0.000309109	
0.000564103	0.55	0.004052991	0.000203758	
0.000717949	0.55	0.005157501	0.000261035	
0.000692308	0.525	0.004957535	0.000250456	
0.000628205	0.375	0.004409175	0.000221729	
0.000794872	0.55	0.005709574	0.000289574	
0.000551282	0.4	0.003882974	0.000194937	
0.000961538	0.55	0.006905638	0.000353017	
0.000935897	0.55	0.006721682	0.000343187	
0.000628205	0.25	0.004329559	0.000217059	
0.000884615	0.075	0.005927666	0.000295729	
0.000705128	0.525	0.005049352	0.000255331	
0.000589744	0.55	0.004237051	0.000213343	
0.000679487	0.375	0.004768919	0.000240188	
0.000615385	0.55	0.004382284	0.000145364	
0.000871795	0.55	0.006261745	0.000318808	
0.00074359	0.4	0.005236736	0.000264483	
0.000589744	0.55	0.004237051	0.000213343	
0.000782051	0.55	0.005617662	0.000284984	
0.000615385	0.25	0.004241237	0.000212552	
0.0005	0.375	0.003509735	0.000175685	
0.000794872	0.4	0.005597587	0.00028315	
0.000679487	0.375	0.004768919	0.000240188	
0.000833333	0.525	0.005966703	0.000303156	
0.000974359	0.3	0.006763882	0.00034285	
0.000589744	0.55	0.004237051	0.000213343	
0.000807692	0.55	0.005801705	0.000294615	
0.000846154	0.55	0.00607774	0.000309109	
0.000923077	0.55	0.006629707	0.000338304	
0.000666667	0.55	0.004789307	0.000241972	
0.000551282	0.425	0.00401515	0.000195647	
0.001	0.55	0.007181526	0.000367799	
0.000730769	0.55	0.005249537	0.000265807	
0.000602564	0.375	0.00422929	0.000212534	
0.000884615	0.55	0.006353743	0.000323673	
0.000628205	0.55	0.004513121	0.000227716	
0.000576923	0.55	0.004145028	0.000208552	
0.0005	0.55	0.003591768	0.000178013	
0.000897436	0.4	0.006319172	0.000320899	
0.000858974	0.375	0.006028464	0.000307166	
0.000602564	0.55	0.004329039	0.000218085	
0.000525641	0.55	0.003776861	0.000189458	
0.000538462	0.075	0.003608498	0.000179325	
0.000602564	0.55	0.004329039	0.000218085	
0.000871795	0.55	0.006261745	0.000318808	
0.001	0.3	0.006941775	0.000352074	
0.00075641	0.075	0.005068741	0.00025255	
0.000653846	0.25	0.004506187	0.000226074	
0.000692308	0.55	0.004973411	0.000251495	
0.000538462	0.425	0.003805795	0.000190942	
0.001	0.55	0.007181527	0.000367802	
0.000794872	0.425	0.005616813	0.000284306	
0.000961538	0.55	0.006905638	0.000353017	
0.000653846	0.425	0.004620355	0.0002318	
0.000782051	0.4	0.005507399	0.000278514	
0.000820513	0.55	0.005893705	0.000299409	
0.000666667	0.55	0.004789307	0.000241972	
0.00075641	0.55	0.005433604	0.000275378	
0.000679487	0.55	0.004881362	0.000246733	
0.000679487	0.525	0.004865843	0.000245841	
0.000717949	0.4	0.005056267	0.000255138	
0.000653846	0.55	0.004697258	0.000237235	
0.000717949	0.075	0.004811052	0.000239635	
0.000525641	0.2	0.003595116	0.000179473	
0.000871795	0.55	0.006261745	0.000318808	
0.0005	0.4	0.003522013	0.000176338	
0.000935897	0.55	0.006721682	0.000343187	
0.001	0.55	0.007181526	0.000367799	
0.000705128	0.55	0.005065465	0.000256276	
0.000602564	0.075	0.004037995	0.00020082	
0.000794872	0.55	0.005709687	0.000289799	
0.000615385	0.55	0.004382284	0.000145364	
0.000525641	0.55	0.003776861	0.000189458	
0.000602564	0.55	0.004329039	0.000218085	
0.000525641	0.375	0.003689597	0.000184932	
0.0005	0.375	0.003509735	0.000175685	
0.000628205	0.55	0.004513121	0.000227716	
0.000666667	0.425	0.004711421	0.000237472	
0.000679487	0.55	0.004881372	0.000246753	
0.000589744	0.55	0.00423705	0.000213339	
0.000871795	0.4	0.006138872	0.000311568	
0.000692308	0.55	0.004973415	0.000251503	
0.000820513	0.4	0.005778058	0.000292652	
0.00075641	0.375	0.005308466	0.000268074	
0.000564103	0.55	0.004052991	0.000203758	
0.001	0.55	0.007181526	0.000367799	
0.000871795	0.55	0.006261745	0.000318808	
0.000884615	0.55	0.006353742	0.000323672	
0.00075641	0.4	0.005326966	0.000269165	
0.000897436	0.55	0.006445639	0.000328351	
0.000615385	0.375	0.004318942	0.000216544	
0.000833333	0.55	0.005985731	0.000304269	
0.000871795	0.25	0.006004753	0.000297768	
0.000961538	0.375	0.00674689	0.000343067	
0.000641026	0.55	0.004605186	0.000232463	
0.000769231	0.55	0.005525641	0.000280191	
0.000538462	0.525	0.00385657	0.000193579	
0.000807692	0.55	0.005801729	0.000294662	
0.000589744	0.3	0.004095029	0.000205354	
0.000641026	0.55	0.004605186	0.000232463	
0.000820513	0.55	0.005893705	0.000299409	
0.000615385	0.375	0.004318942	0.000216544	
0.000935897	0.55	0.006721682	0.000343187	
0.000948718	0.55	0.005992058	0.000348105	
0.000564103	0.425	0.00398689	0.00020034	
0.000910256	0.55	0.006531681	0.000321335	
0.000769231	0.55	0.005525641	0.000280191	
0.000884615	0.55	0.006353742	0.000323672	
0.000538462	0.55	0.003868889	0.000194174	
0.000923077	0.55	0.006629709	0.000338308	
0.000602564	0.55	0.004329039	0.000218085	
0.000538462	0.55	0.003868916	0.000194228	
0.000884615	0.375	0.006207441	0.000315032	
0.000615385	0.55	0.004421095	0.000222985	
0.001	0.4	0.00704097	0.000358726	
0.000935897	0.55	0.006721682	0.000343187	
0.000961538	0.55	0.006905638	0.000353017	
0.000628205	0.3	0.004361979	0.000218973	
0.000782051	0.25	0.005389232	0.000271433	
0.000692308	0.4	0.004875791	0.000245826	
0.000730769	0.55	0.005249538	0.000265808	
0.000705128	0.55	0.005065454	0.000256255	
0.000717949	0.55	0.005157501	0.000261035	
0.000794872	0.55	0.005709574	0.000289574	
0.000820513	0.3	0.005696366	0.000287793	
0.000679487	0.4	0.004785549	0.000241178	
0.000794872	0.55	0.005709574	0.000289574	
0.000705128	0.4	0.004965878	0.000250173	
0.000820513	0.4	0.005778058	0.000292652	
0.000692308	0.2	0.004734517	0.000237469	
0.000923077	0.425	0.006521931	0.00033193	
0.001	0.55	0.007181526	0.000367799	
0.000948718	0.4	0.006680096	0.000339937	
0.000910256	0.55	0.006531681	0.000321335	
0.000961538	0.55	0.006905637	0.000353014	
0.000525641	0.55	0.003776794	0.000189325	
0.000653846	0.55	0.004697258	0.000237235	
0.000589744	0.55	0.004237051	0.000213343	
0.000858974	0.55	0.006169584	0.000313634	
0.000769231	0.375	0.005398379	0.000272741	
0.000833333	0.55	0.005985725	0.000304255	
0.00074359	0.4	0.005236736	0.000264483	
0.000782051	0.55	0.005617662	0.000284984	
0.000769231	0.55	0.005525641	0.000280191	
0.000666667	0.55	0.004789307	0.000241972	
0.00075641	0.55	0.005433604	0.000275378	
0.000615385	0.55	0.004382284	0.000145364	
0.000974359	0.55	0.006997513	0.00035775	
0.000820513	0.375	0.005756977	0.000289431	
0.000538462	0.55	0.003868916	0.000194228	
0.000833333	0.55	0.005985731	0.000304269	
0.001	0.075	0.006700618	0.000334728	
0.000717949	0.375	0.005038649	0.000253991	
0.000705128	0.375	0.004948785	0.00024947	
0.000987179	0.4	0.006950749	0.000354013	
0.000769231	0.2	0.005260391	0.000264193	
0.000525641	0.4	0.003702486	0.000185584	
0.000730769	0.55	0.005249537	0.000265807	
0.000641026	0.55	0.004605186	0.000232463	
0.000564103	0.375	0.003959421	0.000198732	
0.000897436	0.55	0.006445639	0.000328351	
0.000692308	0.55	0.004973415	0.000251503	
0.000910256	0.55	0.006531681	0.000321335	
0.000782051	0.55	0.005617662	0.000284984	
0.000730769	0.375	0.005128612	0.000258722	
0.000935897	0.525	0.006700322	0.000341933	
0.000641026	0.55	0.004605186	0.000232463	
0.0005	0.55	0.003591768	0.000178013	
0.000807692	0.25	0.00556585	0.000280434	
0.000961538	0.55	0.006905638	0.000353017	
0.000769231	0.55	0.005525636	0.00028018	
0.000641026	0.55	0.004605249	0.000232589	
0.000897436	0.375	0.006297299	0.000319712	
0.000923077	0.4	0.006499647	0.000330567	
0.000884615	0.525	0.006333568	0.000322531	
0.000641026	0.375	0.00449912	0.000226344	
0.000692308	0.55	0.004973415	0.000251503	
0.000692308	0.55	0.004973415	0.000251503	
0.000705128	0.55	0.005065465	0.000256276	
0.000987179	0.375	0.006926698	0.000352405	
0.000512821	0.4	0.003612256	0.000180966	
0.000538462	0.25	0.003852782	0.000185458	
0.000769231	0.55	0.005525641	0.000280191	
0.000717949	0.55	0.005157501	0.000261035	
0.000974359	0.2	0.006662489	0.000335995	
0.000884615	0.55	0.006353742	0.000323672	
0.000948718	0.55	0.005992058	0.000348105	
0.00075641	0.55	0.005433604	0.000275378	
0.000628205	0.55	0.004513121	0.000227716	
0.000858974	0.3	0.005963273	0.000301539	
0.000974359	0.425	0.006883622	0.000350127	
0.000641026	0.525	0.004590556	0.000231648	
0.000807692	0.375	0.005668091	0.000286765	
0.000641026	0.25	0.00441789	0.000221595	
0.000602564	0.425	0.0042586	0.000214234	
0.000858974	0.4	0.006048665	0.000306811	
0.000961538	0.3	0.006674933	0.000338245	
0.000858974	0.55	0.006169584	0.000313634	
0.000935897	0.2	0.006399625	0.000322454	
0.000628205	0.2	0.004296333	0.000215071	
0.000730769	0.425	0.005164241	0.000260986	
0.000692308	0.55	0.004973415	0.000251503	
0.000576923	0.55	0.004139394	0.000197284	
0.0005	0.25	0.003435715	0.000151133	
0.000923077	0.2	0.006312008	0.000317965	
0.000653846	0.525	0.004682317	0.000236366	
0.000564103	0.55	0.004052991	0.000203758	
0.001	0.55	0.007181528	0.000367803	
0.000576923	0.4	0.004063476	0.000204113	
0.000538462	0.55	0.003868916	0.000194228	
0.000730769	0.55	0.005249537	0.000265807	
0.000871795	0.2	0.005961497	0.000299991	
0.00075641	0.525	0.005416333	0.000274384	
0.000935897	0.55	0.006721682	0.000343187	
0.000897436	0.075	0.006013555	0.00030006	
0.000769231	0.55	0.005525641	0.000280191	
0.000948718	0.2	0.006487237	0.000326942	
0.000705128	0.55	0.005065465	0.000256276	
0.000884615	0.2	0.006049125	0.000304475	
0.000987179	0.55	0.007089571	0.000362869	
0.000666667	0.55	0.004789307	0.000241972	
0.000653846	0.075	0.00438158	0.000218069	
0.000884615	0.4	0.006229061	0.000316303	
0.000769231	0.25	0.005300922	0.00026694	
0.000833333	0.075	0.005584105	0.000278436	
0.000576923	0.55	0.004145028	0.000208552	
0.000769231	0.55	0.005525641	0.000280191	
0.000679487	0.425	0.004801951	0.000242085	
0.000576923	0.4	0.004063476	0.000204113	
0.000666667	0.55	0.004789307	0.000241972	
0.000512821	0.55	0.003684806	0.000184708	
0.000628205	0.55	0.004513121	0.000227716	
0.000564103	0.55	0.004052991	0.000203758	
0.000858974	0.375	0.006028464	0.000307166	
0.000730769	0.375	0.005128612	0.000258722	
0.000666667	0.4	0.004695295	0.000236519	
0.000641026	0.55	0.004605186	0.000232463	
0.001	0.4	0.00704097	0.000358726	
0.000820513	0.55	0.005893705	0.000299409	
0.000858974	0.55	0.006169584	0.000313634	
0.000782051	0.55	0.005617662	0.000284984	
0.000512821	0.55	0.003684806	0.000184708	
0.000935897	0.375	0.006567095	0.000333783	
0.000858974	0.4	0.006048665	0.000306811	
0.000666667	0.55	0.004789307	0.000241972	
0.000628205	0.4	0.004424541	0.000222621	
0.000705128	0.55	0.005065454	0.000256254	
0.000717949	0.55	0.005157501	0.000261035	
0.000910256	0.55	0.006531681	0.000321335	
0.000717949	0.55	0.005157501	0.000261035	
0.000717949	0.55	0.0051575	0.000261034	
0.000897436	0.4	0.006319172	0.000320899	
0.000615385	0.4	0.004334262	0.000217954	
0.000551282	0.55	0.003960817	0.000198709	
0.00075641	0.375	0.005308466	0.000268074	
0.000717949	0.375	0.005038649	0.000253991	
0.000576923	0.55	0.004145028	0.000208552	
0.000615385	0.55	0.004382284	0.000145364	
0.000602564	0.2	0.00412105	0.000206163	
0.000602564	0.55	0.004329039	0.000218085	
0.000974359	0.4	0.006860524	0.000349298	
0.000807692	0.375	0.005668091	0.000286765	
0.000961538	0.55	0.006905638	0.000353017	
0.000512821	0.425	0.003624713	0.000181646	
0.000961538	0.55	0.006905636	0.000353012	
0.000538462	0.4	0.003792747	0.000190286	
0.000551282	0.375	0.003869475	0.00019417	
0.00075641	0.4	0.005326966	0.000269165	
0.000666667	0.075	0.004467466	0.000222371	
0.000628205	0.55	0.004513121	0.000227716	
0.000589744	0.55	0.004237051	0.000213343	
0.000987179	0.55	0.007089571	0.000362869	
0.000871795	0.55	0.006261745	0.000318808	
0.000602564	0.4	0.004244033	0.000213395	
0.00075641	0.55	0.005433604	0.000275378	
0.000833333	0.55	0.005985731	0.000304269	
0.000910256	0.55	0.006531681	0.000321335	
0.000820513	0.075	0.005498215	0.000274122	
0.000730769	0.55	0.005249513	0.000265759	
0.001	0.425	0.007064987	0.000360201	
0.000833333	0.4	0.005868262	0.000297361	
0.000782051	0.55	0.005617662	0.000284984	
0.00074359	0.55	0.005341577	0.000270598	
0.000794872	0.3	0.005518454	0.000278476	
0.000782051	0.55	0.005617662	0.000284984	
0.000615385	0.075	0.004059682	7.67061E-05	
0.000884615	0.3	0.006141233	0.000310761	
0.000833333	0.25	0.005742491	0.000289509	
0.000564103	0.4	0.003973241	0.000199572	
0.000730769	0.4	0.005146507	0.000259816	
0.000871795	0.375	0.006117561	0.000310307	
0.00074359	0.25	0.005124319	0.000257817	
0.000820513	0.55	0.005893705	0.000299409	
0.000705128	0.425	0.004983079	0.000251478	
0.000512821	0.55	0.003684806	0.000184708	
0.000512821	0.375	0.003599444	0.000179856	
0.000525641	0.55	0.003776861	0.000189458	
0.000589744	0.375	0.004139342	0.000207941	
0.000833333	0.425	0.005888403	0.000298552	
0.000974359	0.375	0.00683677	0.000347684	
0.000858974	0.2	0.005873865	0.000295507	
0.000846154	0.55	0.00607774	0.000309109	
0.000551282	0.25	0.00379961	0.000190117	
0.000884615	0.55	0.006353742	0.000323672	
0.000679487	0.55	0.00488136	0.000246729	
0.000987179	0.425	0.006974409	0.000355368	
0.000769231	0.525	0.00550807	0.000279162	
0.000961538	0.25	0.006625447	0.000334787	
0.000974359	0.55	0.006997606	0.000357937	
0.000705128	0.375	0.004948785	0.00024947	
0.000653846	0.4	0.004605034	0.000231856	
0.000820513	0.55	0.005893722	0.000299441	
0.000564103	0.55	0.004052991	0.000203758	
0.00075641	0.55	0.005433604	0.000275378	
0.000923077	0.55	0.006629707	0.000338304	
0.000576923	0.55	0.004145028	0.000208552	
0.000807692	0.55	0.005801705	0.000294615	
0.000615385	0.55	0.004382284	0.000145364	
0.00075641	0.2	0.005172746	0.000259732	
0.000525641	0.425	0.003715247	0.00018627	
0.000551282	0.55	0.003960817	0.000198709	
0.000705128	0.55	0.005065465	0.000256276	
0.000897436	0.2	0.006136725	0.000308909	
0.000602564	0.4	0.004244033	0.000213395	
0.000589744	0.375	0.004139342	0.000207941	
0.000871795	0.55	0.006261745	0.000318808	
0.000987179	0.375	0.006926698	0.000352405	
0.000935897	0.425	0.006612416	0.000336722	
0.000576923	0.55	0.004145028	0.000208552	
0.000589744	0.55	0.004237051	0.000213343	
0.000564103	0.2	0.003858095	0.000192804	
0.000820513	0.55	0.005893705	0.000299409	
0.000807692	0.55	0.005801704	0.000294612	
0.000589744	0.55	0.004237048	0.000213337	
0.000602564	0.375	0.00422929	0.000212534	
0.000884615	0.55	0.006353742	0.000323672	
0.000846154	0.55	0.00607774	0.000309109	
0.00074359	0.375	0.00521855	0.000263413	
0.000705128	0.55	0.005065465	0.000256276	
0.000769231	0.075	0.005154643	0.000256873	
0.000833333	0.55	0.005985731	0.000304269	
0.000833333	0.55	0.005985731	0.000304269	
0.000692308	0.075	0.004639258	0.000231034	
0.000871795	0.55	0.006261745	0.000318808	
0.000858974	0.55	0.006169746	0.000313958	
0.000602564	0.55	0.004329039	0.000218085	
0.000730769	0.25	0.005036033	0.000253285	
0.000615385	0.525	0.00438227	0.000172717	
0.000807692	0.55	0.005801705	0.000294615	
0.000717949	0.55	0.005157487	0.000261007	
0.000538462	0.55	0.003868916	0.000194228	
0.000858974	0.55	0.006169584	0.000313634	
0.000551282	0.3	0.003828052	0.000191763	
0.000576923	0.375	0.004049391	0.00020335	
0.000538462	0.55	0.003868916	0.000194228	
0.000923077	0.55	0.006629707	0.000338304	
0.000730769	0.55	0.005249537	0.000265807	
0.000525641	0.375	0.003689597	0.000184932	
0.000769231	0.4	0.005417191	0.00027385	
0.000679487	0.2	0.004646886	0.000232981	
0.000512821	0.2	0.003507439	0.000175012	
0.000948718	0.55	0.005992058	0.000348105	
0.000512821	0.25	0.003534586	0.000176661	
0.000974359	0.55	0.006997513	0.00035775	
0.000653846	0.55	0.004697258	0.000237235	
0.000551282	0.4	0.003882974	0.000194937	
0.000910256	0.4	0.006409446	0.000325836	
0.000846154	0.4	0.005958481	0.000302113	
0.001	0.55	0.007181526	0.000367799	
0.000628205	0.55	0.00451314	0.000227754	
0.00075641	0.25	0.005211066	0.00025928	
0.000871795	0.55	0.006261745	0.000318808	
0.000897436	0.25	0.006130299	0.000204718	
0.000820513	0.2	0.00561096	0.000282073	
0.000564103	0.55	0.004052991	0.000203758	
0.000846154	0.55	0.00607774	0.000309109	
0.000730769	0.55	0.005249537	0.000265807	
0.000987179	0.075	0.006614712	0.000330336	
0.000666667	0.55	0.004789307	0.000241972	
0.001	0.525	0.007158706	0.000366448	
0.000692308	0.375	0.004858848	0.000244816	
0.000551282	0.375	0.003869475	0.00019417	
0.000935897	0.55	0.006721682	0.000343187	
0.000897436	0.55	0.006445639	0.000328351	
0.000628205	0.55	0.004513121	0.000227716	
0.000961538	0.55	0.006905638	0.000353017	
0.000794872	0.25	0.005477428	0.000275705	
0.000653846	0.55	0.004697258	0.000237235	
0.000961538	0.075	0.006442978	0.000321716	
0.000564103	0.55	0.004052995	0.000203766	
0.000564103	0.55	0.004052994	0.000203763	
0.000653846	0.55	0.004697254	0.000237227	
0.000653846	0.55	0.004697258	0.000237235	
0.000730769	0.55	0.005249537	0.000265807	
0.000705128	0.55	0.005065465	0.000256276	
0.000782051	0.55	0.005617662	0.000284984	
0.001	0.55	0.007181526	0.000367799	
0.001	0.55	0.007181526	0.000367799	
0.000615385	0.425	0.004349167	0.000218866	
0.000858974	0.525	0.006150134	0.000312811	
0.000807692	0.55	0.005801705	0.000294615	
0.000512821	0.55	0.003684806	0.000184708	
0.000897436	0.55	0.006445639	0.000328351	
0.000666667	0.55	0.004789307	0.000241972	
0.000525641	0.4	0.003702486	0.000185584	
0.00075641	0.55	0.005433601	0.000275371	
0.000538462	0.55	0.003868916	0.000194228	
0.000820513	0.55	0.005893705	0.000299409	
0.000525641	0.55	0.003776861	0.000189458	
0.000551282	0.075	0.003694412	0.000183644	
0.000551282	0.55	0.003960817	0.000198709	
0.000910256	0.55	0.006531681	0.000321335	
0.000576923	0.25	0.00397626	0.000199062	
0.000871795	0.4	0.006138872	0.000311568	
0.00074359	0.55	0.005341549	0.000270543	
0.000833333	0.375	0.005847893	0.000296168	
0.000871795	0.425	0.006159274	0.000311485	
0.000910256	0.375	0.006387234	0.000324401	
0.000884615	0.55	0.006353742	0.000323672	
0.000782051	0.425	0.00552621	0.000279439	
0.000717949	0.55	0.005157501	0.000261035	
0.000602564	0.525	0.004315241	0.00021738	
0.000538462	0.55	0.003868916	0.000194228	
0.000846154	0.55	0.00607774	0.000309109	
0.000833333	0.55	0.005985726	0.000304259	
0.000807692	0.4	0.005687848	0.000287944	
0.000794872	0.55	0.005709574	0.000289574	
0.000974359	0.55	0.006997513	0.00035775	
0.00074359	0.375	0.00521855	0.000263413	
0.000615385	0.55	0.004382284	0.000145364	
0.000615385	0.2	0.004208695	0.000210619	
0.000910256	0.55	0.006531681	0.000321335	
0.000935897	0.55	0.006721689	0.000343201	
0.000538462	0.4	0.003792747	0.000190286	
0.000641026	0.55	0.004605186	0.000232463	
0.000679487	0.55	0.004881362	0.000246733	
0.000923077	0.55	0.006629707	0.000338304	
0.000846154	0.55	0.00607774	0.000309109	
0.000512821	0.075	0.003436551	0.000170457	
0.000602564	0.55	0.004329039	0.000218085	
0.000884615	0.425	0.006250443	0.000317583	
0.000897436	0.3	0.006230164	0.000315286	
0.000910256	0.25	0.006272207	0.000316475	
0.000948718	0.55	0.005992058	0.000348105	
0.000564103	0.55	0.004052991	0.000203758	
0.000602564	0.55	0.004328936	0.000217878	
0.001	0.55	0.007181526	0.000367799	
0.000833333	0.55	0.005985731	0.000304269	
0.000961538	0.55	0.006905638	0.000353017	
0.000576923	0.425	0.004077452	0.00020497	
0.001	0.375	0.007016555	0.000356994	
0.000974359	0.075	0.006528863	0.000326059	
0.000923077	0.55	0.006629703	0.000338296	
0.000987179	0.55	0.007089571	0.000362869	
0.000538462	0.375	0.003779532	0.00018959	
0.0005	0.55	0.003592767	0.000180011	
0.000782051	0.3	0.005429544	0.000273928	
0.000551282	0.55	0.003960817	0.000198709	
0.001	0.2	0.006837716	0.000345027	
0.000641026	0.4	0.004514807	0.000227272	
0.000679487	0.55	0.004881362	0.000246733	
0.000628205	0.55	0.004513121	0.000227716	
0.00074359	0.55	0.005341577	0.000270598	
0.000641026	0.55	0.0046052	0.000232492	
0.000794872	0.55	0.005709574	0.000289574	
0.0005	0.55	0.003591768	0.000178013	
0.000615385	0.55	0.004382284	0.000145364	
0.000653846	0.55	0.004697258	0.000237235	
0.000564103	0.375	0.003959421	0.000198732	
0.000666667	0.55	0.00478931	0.000241978	
0.000576923	0.55	0.004145028	0.000208552	
0.000666667	0.2	0.004559249	0.000228491	
0.000576923	0.525	0.004131813	0.000207875	
0.000820513	0.25	0.005654178	0.000284984	
0.000564103	0.55	0.004052991	0.000203758	
0.000794872	0.375	0.005578177	0.000282058	
0.000551282	0.55	0.003960817	0.000198709	
0.000820513	0.425	0.00579789	0.000293822	
0.0005	0.425	0.003534139	0.000176961	
0.000807692	0.55	0.005801705	0.000294615	
0.000897436	0.55	0.006445639	0.000328351	
0.0005	0.075	0.003350783	0.000166441	
0.00074359	0.2	0.005085102	0.000255279	
0.000987179	0.525	0.007067038	0.000361528	
0.000910256	0.375	0.006387234	0.000324401	
0.0005	0.55	0.003591768	0.000178013	
0.000666667	0.375	0.004678995	0.000235581	
0.000897436	0.55	0.006445639	0.000328351	
0.000730769	0.075	0.004896955	0.000243951	
0.000679487	0.55	0.004881362	0.000246733	
0.000628205	0.4	0.004424541	0.000222621	
0.001	0.25	0.006890377	0.000348602	
0.000871795	0.3	0.006052234	0.000306109	
0.000948718	0.55	0.005991695	0.000348104	
0.000615385	0.55	0.004382284	0.000145364	
0.000910256	0.525	0.006516936	0.000332181	
0.000564103	0.4	0.003973241	0.000199572	
0.000602564	0.25	0.004152916	0.000208055	
0.000897436	0.55	0.006445639	0.000328351	
0.000679487	0.55	0.004881362	0.000246733	
0.000692308	0.55	0.004973415	0.000251503	
0.000910256	0.55	0.006531681	0.000321335	
0.000692308	0.3	0.004806849	0.000241778	
0.000679487	0.55	0.004881362	0.000246733	
0.000679487	0.55	0.004881362	0.000246733	
0.000974359	0.4	0.006860524	0.000349298	
0.00075641	0.55	0.005433604	0.000275378	
0.000679487	0.25	0.004682815	0.000235126	
0.000512821	0.525	0.003673054	0.000184108	
0.000833333	0.55	0.005985731	0.000304269	
0.000923077	0.55	0.006629707	0.000338304	
0.00075641	0.425	0.005345239	0.000270214	
0.000910256	0.4	0.006409446	0.000325836	
				
